1
1
1
1
1
1
1
1
1
14
14
14
14
14
1
1
1
1
1
1
1
1
1
1
1
1
1
1
13
0
0
0
0
0
15
1
1
1
1
1
1
1
1
1
1
1
14
14
18
0
0
0
0
0
19
14
14
14
14
14
1
1
1
1
1
18
0
4
2
2
2
2
2
2
2
2
2
2
2
2
1
1
1
1
13
0
0
3
16
12
12
12
12
12
12
17
0
0
0
16
1
1
1
1
13
0
0
3
19
1
1
1
1
1
1
1
12
12
12
1
1
1
1
1
13
0
0
3
0
19
1
1
1
1
1
1
1
1
1
1
1
1
1
1
1
17
0
3
0
0
15
1
1
1
1
1
1
1
1
1
1
1
1
1
1
1
17
3
0
0
15
1
1
1
1
1
1
1
1
1
1
1
1
1
1
1
18
3
0
16
1
1
1
1
1
1
1
1
1
1
1
1
1
1
1
13
0
3
16
1
1
1
1
1
1
1
1
1
1
1
1
1
1
1
1
18
0
3
15
1
1
1
1
1
1
1
1
1
1
1
1
1
1
1
13
0
0
3
19
14
1
1
1
1
1
1
1
1
1
1
1
1
1
1
13
0
0
3
0
0
19
1
1
1
1
1
1
1
1
1
1
1
1
1
1
17
0
3
0
0
0
19
1
1
1
1
1
1
1
1
1
1
1
1
1
1
17
3
0
0
0
0
19
14
14
14
14
14
14
14
1
1
1
1
1
1
18
7
2
2
2
2
2
2
2
2
2
2
2
2
1
1
1
1
1
13
0
0
0
0
16
12
17
0
0
0
0
0
16
12
1
1
1
1
1
1
17
0
0
0
15
1
1
17
0
0
16
12
1
1
1
1
1
1
1
1
1
12
12
12
1
1
1
1
12
12
1
1
1
1
19
16
19
3
