0
0
0
0
0
16
12
12
12
12
12
12
17
3
16
17
0
0
0
0
0
0
0
0
0
15
1
1
1
1
14
14
18
3
15
1
17
0
0
0
0
0
0
16
12
1
1
14
14
18
0
0
0
3
15
1
1
17
0
0
0
0
16
1
1
1
18
0
0
0
0
0
0
3
15
1
1
13
0
0
0
16
1
1
1
18
0
0
0
0
0
0
0
3
15
1
1
1
17
0
0
15
1
1
13
0
0
0
0
4
2
2
2
6
15
1
1
1
1
17
0
15
1
1
18
0
0
0
0
3
0
0
0
0
19
1
1
1
1
13
16
1
1
18
0
0
0
0
0
3
0
0
0
0
0
15
1
1
1
13
15
1
13
0
0
0
0
0
0
3
0
0
0
0
0
15
1
1
1
13
15
1
13
0
0
0
0
0
0
3
0
0
0
0
0
15
1
1
1
13
15
1
13
0
0
0
0
0
0
3
0
0
0
0
0
15
1
1
1
13
15
1
13
0
0
4
2
2
2
6
0
0
0
0
16
1
1
1
1
13
15
1
13
0
0
3
16
12
12
17
0
0
0
16
14
14
1
1
1
13
15
1
13
0
0
3
15
1
1
1
12
12
12
18
0
0
19
1
1
13
15
1
1
17
0
3
15
1
1
1
1
1
18
0
0
0
0
15
1
13
15
1
1
1
17
3
15
1
1
1
1
13
0
0
0
0
0
15
1
13
19
14
14
1
13
3
19
1
1
1
1
13
0
0
0
0
0
15
1
13
0
0
0
15
13
3
0
19
14
1
1
13
0
0
0
0
0
15
1
13
0
0
16
1
13
3
0
0
0
15
1
1
12
12
12
12
12
1
1
13
0
16
1
1
13
3
0
0
0
19
14
14
14
14
14
14
14
14
14
18
5
19
13
0
